unterste	35386	14.745492732808657	5.0	Service_und_Kundenbetreuung
ekelhaft	32735	14.443671650576897	5.0	Service_und_Kundenbetreuung
"	40	13.183347464017316	5.0	Service_und_Kundenbetreuung
Schublade	32660	12.364169813433264	5.0	Service_und_Kundenbetreuung
zutiefst	805	11.777755916665761	5.0	Service_und_Kundenbetreuung
Kundenservice	174790	11.297948476322413	5.0	Service_und_Kundenbetreuung
Schlaf	12555	10.94454134734295	5.0	Service_und_Kundenbetreuung
ernsthaft	2064	10.06087584278487	5.0	Service_und_Kundenbetreuung
Sicherheitsleute	560749	8.996156562033445	5.0	Service_und_Kundenbetreuung
597	441549	8.805075243870684	5.0	Service_und_Kundenbetreuung
_	3643	7.940583827104244	5.0	Service_und_Kundenbetreuung
Ganz	2181	7.783640596221253	5.0	Service_und_Kundenbetreuung
@	28517	7.783640596221253	5.0	Service_und_Kundenbetreuung
RT	438079	7.700295203420117	5.0	Service_und_Kundenbetreuung
schleichend	64575	7.611347717403621	5.0	Service_und_Kundenbetreuung
eingespart	69131	7.45182223652793	5.0	Service_und_Kundenbetreuung
Service	11904	6.9930151229329605	5.0	Service_und_Kundenbetreuung
funktionierenden	17638	6.787844982309579	5.0	Service_und_Kundenbetreuung
https	360785	6.664409020350408	5.0	Service_und_Kundenbetreuung
Zukunft	11331	6.516193076042964	5.0	Service_und_Kundenbetreuung
gutefrage.net-Tag	6442029	39.359847406625	6.0	unklare_Kategorie#nicht_identifizierbare_Kategorie
Diebstahl	52242	36.87797554601339	6.0	unklare_Kategorie#nicht_identifizierbare_Kategorie
Fahrgast	49783	25.65383582866943	6.0	unklare_Kategorie#nicht_identifizierbare_Kategorie
Lehrer	5531	19.216084178933027	6.0	unklare_Kategorie#nicht_identifizierbare_Kategorie
17.12	755518	18.336117959439154	6.0	unklare_Kategorie#nicht_identifizierbare_Kategorie
OomenBerlin	6117528	18.300543691020128	6.0	unklare_Kategorie#nicht_identifizierbare_Kategorie
Führungsetage	170916	17.765061016867246	6.0	unklare_Kategorie#nicht_identifizierbare_Kategorie
Pfandflaschen	280154	17.18645575538447	6.0	unklare_Kategorie#nicht_identifizierbare_Kategorie
Mfg	62105	17.16633636067954	6.0	unklare_Kategorie#nicht_identifizierbare_Kategorie
Donnerstag	86967	16.93642601838904	6.0	unklare_Kategorie#nicht_identifizierbare_Kategorie
BC100	1460016	16.82010663171667	6.0	unklare_Kategorie#nicht_identifizierbare_Kategorie
Strecke	9808	16.697549079582547	6.0	unklare_Kategorie#nicht_identifizierbare_Kategorie
Klasse	4838	16.1014067629406	6.0	unklare_Kategorie#nicht_identifizierbare_Kategorie
_	3643	15.881167654208488	6.0	unklare_Kategorie#nicht_identifizierbare_Kategorie
31	25954	15.80497487432571	6.0	unklare_Kategorie#nicht_identifizierbare_Kategorie
regenerativen	290181	15.764629837960536	6.0	unklare_Kategorie#nicht_identifizierbare_Kategorie
Dezember	38181	15.648092021712584	6.0	unklare_Kategorie#nicht_identifizierbare_Kategorie
Vorgesetzte	22632	15.23846683245361	6.0	unklare_Kategorie#nicht_identifizierbare_Kategorie
Viva	5873	15.153219533946075	6.0	unklare_Kategorie#nicht_identifizierbare_Kategorie
Könnten	112151	14.881467414778522	6.0	unklare_Kategorie#nicht_identifizierbare_Kategorie
Qualm	113917	34.138560420079834	7.0	Atmosphäre#Geruch
Mitreisenden	60636	30.34924202409046	7.0	Atmosphäre#Geruch
Raucher	35818	27.757015784166033	7.0	Atmosphäre#Geruch
Zonen	68470	27.578680157733928	7.0	Atmosphäre#Geruch
gelbe	14718	26.01715269414658	7.0	Atmosphäre#Geruch
belästigt	24470	25.55424562218252	7.0	Atmosphäre#Geruch
Stationen	18335	22.651841920543784	7.0	Atmosphäre#Geruch
treibt	10579	20.704598930295315	7.0	Atmosphäre#Geruch
Fahrgäste	196229	19.823308230405043	7.0	Atmosphäre#Geruch
weist	10538	19.795039561512674	7.0	Atmosphäre#Geruch
Manche	2630	19.313254949209206	7.0	Atmosphäre#Geruch
Käfige	18042	18.336117959439154	7.0	Atmosphäre#Geruch
fühlen	6113	17.477791409868086	7.0	Atmosphäre#Geruch
www.fr-online.de	1611641	17.321547839787524	7.0	Atmosphäre#Geruch
Schatz	1102	17.28615414834053	7.0	Atmosphäre#Geruch
Verbannung	90030	16.92293808528775	7.0	Atmosphäre#Geruch
misshandeln	87695	16.85366150267169	7.0	Atmosphäre#Geruch
Rauchverbot	390450	16.405512763311275	7.0	Atmosphäre#Geruch
Klasse	4838	16.1014067629406	7.0	Atmosphäre#Geruch
frankfurt	761353	15.581392062349476	7.0	Atmosphäre#Geruch
Qualm	113917	34.138560420079834	8.0	Atmosphäre
Mitreisenden	60636	30.34924202409046	8.0	Atmosphäre
Raucher	35818	27.757015784166033	8.0	Atmosphäre
Zonen	68470	27.578680157733928	8.0	Atmosphäre
gelbe	14718	26.01715269414658	8.0	Atmosphäre
belästigt	24470	25.55424562218252	8.0	Atmosphäre
Stationen	18335	22.651841920543784	8.0	Atmosphäre
treibt	10579	20.704598930295315	8.0	Atmosphäre
Fahrgäste	196229	19.823308230405043	8.0	Atmosphäre
weist	10538	19.795039561512674	8.0	Atmosphäre
Manche	2630	19.313254949209206	8.0	Atmosphäre
Käfige	18042	18.336117959439154	8.0	Atmosphäre
fühlen	6113	17.477791409868086	8.0	Atmosphäre
www.fr-online.de	1611641	17.321547839787524	8.0	Atmosphäre
Schatz	1102	17.28615414834053	8.0	Atmosphäre
Verbannung	90030	16.92293808528775	8.0	Atmosphäre
misshandeln	87695	16.85366150267169	8.0	Atmosphäre
Rauchverbot	390450	16.405512763311275	8.0	Atmosphäre
Klasse	4838	16.1014067629406	8.0	Atmosphäre
frankfurt	761353	15.581392062349476	8.0	Atmosphäre
"	40	26.366694928034633	9.0	Connectivity#WLAN_und_Internet
Untertreibung	83851	18.40884579642429	9.0	Connectivity#WLAN_und_Internet
Gruseln	7988	16.845325415140007	9.0	Connectivity#WLAN_und_Internet
Wlan	969407	15.505529617702656	9.0	Connectivity#WLAN_und_Internet
Telekom_hilft	2994806	15.23846683245361	9.0	Connectivity#WLAN_und_Internet
Bahnfahren	118715	14.453872036986578	9.0	Connectivity#WLAN_und_Internet
https	360785	13.328818040700815	9.0	Connectivity#WLAN_und_Internet
/	1211	13.183347464017316	9.0	Connectivity#WLAN_und_Internet
t.co	996156	11.561487031584658	9.0	Connectivity#WLAN_und_Internet
WLAN	47434	10.805354763744559	9.0	Connectivity#WLAN_und_Internet
Wagen	8635	10.306583188995559	9.0	Connectivity#WLAN_und_Internet
wen	20576	9.750394646402302	9.0	Connectivity#WLAN_und_Internet
frage	2063	9.107753783201082	9.0	Connectivity#WLAN_und_Internet
Scheißdreck	323985	9.090768236835338	9.0	Connectivity#WLAN_und_Internet
597	441549	8.805075243870684	9.0	Connectivity#WLAN_und_Internet
newsticker	710509	8.682538124003075	9.0	Connectivity#WLAN_und_Internet
meldung	599229	8.649974302650056	9.0	Connectivity#WLAN_und_Internet
ICE	64544	8.63497622707262	9.0	Connectivity#WLAN_und_Internet
eher	114	8.49964003216865	9.0	Connectivity#WLAN_und_Internet
kostenlosem	961164	8.166216268592143	9.0	Connectivity#WLAN_und_Internet
gutefrage.net-Tag	6442029	19.6799237033125	10.0	Allgemein
deutlich	686	19.548579228128894	10.0	Allgemein
Zug	4319	13.604789526648622	10.0	Allgemein
fahr	121480	12.753453895797254	10.0	Allgemein
Baustellen	112879	12.364169813433264	10.0	Allgemein
plant	25632	10.06087584278487	10.0	Allgemein
fahre	10677	9.85450737031441	10.0	Allgemein
NWZonline	1290773	9.251770181739323	10.0	Allgemein
Sympathisch	33003	9.168058979719577	10.0	Allgemein
Zuverlässig	371215	8.996156562033445	10.0	Allgemein
Winter	10405	8.97727273946428	10.0	Allgemein
Verkehr	19823	8.738895704934043	10.0	Allgemein
Doppelstockwagen	1011661	8.733110697638708	10.0	Allgemein
Bahnreise	156281	8.649974302650056	10.0	Allgemein
Barmer	1149074	8.608312784783722	10.0	Allgemein
metronom	1011744	8.55371796609861	10.0	Allgemein
Güterwagen	443761	8.479283618343016	10.0	Allgemein
abschafft	103443	8.474911799159631	10.0	Allgemein
Nordwest	256027	8.422662707570003	10.0	Allgemein
Fahrt	8053	8.348774539791274	10.0	Allgemein
APP	809898	7.547501682814967	11.0	DB_App_und_Website#Informationen_DB_App_und_Website
zusätzliches	49885	6.598509028614515	11.0	DB_App_und_Website#Informationen_DB_App_und_Website
kosten	8258	4.962844630259907	11.0	DB_App_und_Website#Informationen_DB_App_und_Website
Fahrrad	21334	4.919980925828125	11.0	DB_App_und_Website#Informationen_DB_App_und_Website
Angaben	10833	4.04305126783455	11.0	DB_App_und_Website#Informationen_DB_App_und_Website
Verbindung	2785	3.970291913552122	11.0	DB_App_und_Website#Informationen_DB_App_und_Website
https	360785	3.332204510175204	11.0	DB_App_und_Website#Informationen_DB_App_und_Website
/	1211	3.295836866004329	11.0	DB_App_und_Website#Informationen_DB_App_und_Website
DB_Bahn	2531643	3.258096538021482	11.0	DB_App_und_Website#Informationen_DB_App_und_Website
finde	181	2.995732273553991	11.0	DB_App_und_Website#Informationen_DB_App_und_Website
t.co	996156	2.8903717578961645	11.0	DB_App_und_Website#Informationen_DB_App_und_Website
würde	876	2.5649493574615367	11.0	DB_App_und_Website#Informationen_DB_App_und_Website
dazu	166	2.3978952727983707	11.0	DB_App_und_Website#Informationen_DB_App_und_Website
@	28517	1.9459101490553132	11.0	DB_App_und_Website#Informationen_DB_App_und_Website
keine	508	1.791759469228055	11.0	DB_App_und_Website#Informationen_DB_App_und_Website
In	420	1.791759469228055	11.0	DB_App_und_Website#Informationen_DB_App_und_Website
diese	152	1.6094379124341003	11.0	DB_App_und_Website#Informationen_DB_App_und_Website
was	206	1.3862943611198906	11.0	DB_App_und_Website#Informationen_DB_App_und_Website
?	84	1.0986122886681098	11.0	DB_App_und_Website#Informationen_DB_App_und_Website
ich	66	1.0986122886681098	11.0	DB_App_und_Website#Informationen_DB_App_und_Website
NWB	377711	17.660501140398495	12.0	Informationen
RE	222373	10.655752337579163	12.0	Informationen
solle	16596	10.636239987688432	12.0	Informationen
Niebüll	686431	8.830250570199247	12.0	Informationen
ansagen	78884	8.71028982137815	12.0	Informationen
metronom	1011744	8.55371796609861	12.0	Informationen
Metronom	66989	8.075271546297458	12.0	Informationen
Eisenbahngesellschaft	717456	7.928045600874777	12.0	Informationen
@	28517	7.783640596221253	12.0	Informationen
Fahrplanänderungen	1015566	7.367077059881012	12.0	Informationen
Ansagen	82387	7.333676395657684	12.0	Informationen
obliegt	139117	7.014814351275545	12.0	Informationen
Ausfällen	103202	6.945051063725834	12.0	Informationen
db_bahn	6442462	6.931471805599453	12.0	Informationen
Regelfall	60263	6.744059186311348	12.0	Informationen
DB_Info	1539833	6.736966958001855	12.0	Informationen
sagt	1940	6.664409020350408	12.0	Informationen
DB_Bahn	2531643	6.516193076042964	12.0	Informationen
analog	52532	6.415096959171596	12.0	Informationen
Haltestellen	69438	6.320768294250582	12.0	Informationen
?	84	21.972245773362197	13.0	Sonstige_Unregelmaessigkeiten
Hbf	64015	20.56665422601064	13.0	Sonstige_Unregelmaessigkeiten
"	40	13.183347464017316	13.0	Sonstige_Unregelmaessigkeiten
Pendler	118711	11.744235578950832	13.0	Sonstige_Unregelmaessigkeiten
Störungen	23050	11.034905792929415	13.0	Sonstige_Unregelmaessigkeiten
Hamburg	25063	10.912758479179157	13.0	Sonstige_Unregelmaessigkeiten
Express	37925	10.796325403035505	13.0	Sonstige_Unregelmaessigkeiten
National	27602	10.099712014499074	13.0	Sonstige_Unregelmaessigkeiten
Party	4054	9.99442454752823	13.0	Sonstige_Unregelmaessigkeiten
Bonn	135223	9.883284845218608	13.0	Sonstige_Unregelmaessigkeiten
Verspätete	699077	9.132919225007598	13.0	Sonstige_Unregelmaessigkeiten
rand	17781	9.050171619823361	13.0	Sonstige_Unregelmaessigkeiten
parkenden	269783	9.018937706446035	13.0	Sonstige_Unregelmaessigkeiten
Ahrensburg	984469	8.923591197573002	13.0	Sonstige_Unregelmaessigkeiten
WZ	310798	8.923591197573002	13.0	Sonstige_Unregelmaessigkeiten
Leiber	181617	8.843037724962366	13.0	Sonstige_Unregelmaessigkeiten
Geduldsprobe	59400	8.836664586357426	13.0	Sonstige_Unregelmaessigkeiten
Köln-Bonn	1197408	8.716044050161402	13.0	Sonstige_Unregelmaessigkeiten
wollten	18410	8.661466680572662	13.0	Sonstige_Unregelmaessigkeiten
Mitfahrt	43327	8.660773919893762	13.0	Sonstige_Unregelmaessigkeiten
Erfurt	61829	17.160935329822237	14.0	Zugfahrt#Fahrtzeit_und_Schnelligkeit
44	26233	14.018486503385716	14.0	Zugfahrt#Fahrtzeit_und_Schnelligkeit
Leipzig	17619	13.874918439852813	14.0	Zugfahrt#Fahrtzeit_und_Schnelligkeit
Minuten	1843	12.541976863716599	14.0	Zugfahrt#Fahrtzeit_und_Schnelligkeit
attraktiv	12195	11.592115501530744	14.0	Zugfahrt#Fahrtzeit_und_Schnelligkeit
Dresden	20763	9.591581091193483	14.0	Zugfahrt#Fahrtzeit_und_Schnelligkeit
Zoologischen	459898	9.271435471335993	14.0	Zugfahrt#Fahrtzeit_und_Schnelligkeit
Dreizehn	176884	8.875846177738598	14.0	Zugfahrt#Fahrtzeit_und_Schnelligkeit
nach	9	8.788898309344878	14.0	Zugfahrt#Fahrtzeit_und_Schnelligkeit
München-Berlin	974746	8.666130304190608	14.0	Zugfahrt#Fahrtzeit_und_Schnelligkeit
Zeitersparnis	12236	8.644706511715198	14.0	Zugfahrt#Fahrtzeit_und_Schnelligkeit
Bahnverbindungen	287635	8.644706511715198	14.0	Zugfahrt#Fahrtzeit_und_Schnelligkeit
vorbeifahren	178136	8.465899897028686	14.0	Zugfahrt#Fahrtzeit_und_Schnelligkeit
Föderalismus	109958	8.41847721847708	14.0	Zugfahrt#Fahrtzeit_und_Schnelligkeit
Dörfchen	25644	8.333510708982942	14.0	Zugfahrt#Fahrtzeit_und_Schnelligkeit
Reisezeiten	959168	8.329658067569396	14.0	Zugfahrt#Fahrtzeit_und_Schnelligkeit
UHR	628032	8.244596756382498	14.0	Zugfahrt#Fahrtzeit_und_Schnelligkeit
kurzsichtig	201327	8.075271546297458	14.0	Zugfahrt#Fahrtzeit_und_Schnelligkeit
langsam	1709	8.014666370464942	14.0	Zugfahrt#Fahrtzeit_und_Schnelligkeit
abgehängt	72102	7.855544677915663	14.0	Zugfahrt#Fahrtzeit_und_Schnelligkeit
wir	645	68.08685983066609	15.0	Zugfahrt#Pünktlichkeit
war	656	35.407634073550206	15.0	Zugfahrt#Pünktlichkeit
’	22179	30.44522437723423	15.0	Zugfahrt#Pünktlichkeit
hatte	1515	27.63102111592855	15.0	Zugfahrt#Pünktlichkeit
Stunden	3197	27.47189763588117	15.0	Zugfahrt#Pünktlichkeit
uns	299	27.242742086774385	15.0	Zugfahrt#Pünktlichkeit
Schwester	2752	25.152189606962175	15.0	Zugfahrt#Pünktlichkeit
hatten	2202	23.325431571226428	15.0	Zugfahrt#Pünktlichkeit
Flugzeug	6949	20.988096288641945	15.0	Zugfahrt#Pünktlichkeit
Flug	14418	20.495855917613035	15.0	Zugfahrt#Pünktlichkeit
–	11725	19.709354161508603	15.0	Zugfahrt#Pünktlichkeit
morgens	16901	19.6799237033125	15.0	Zugfahrt#Pünktlichkeit
min	2276	19.65061954294421	15.0	Zugfahrt#Pünktlichkeit
Flughafen	26716	18.57756359656549	15.0	Zugfahrt#Pünktlichkeit
Führungsetage	170916	17.765061016867246	15.0	Zugfahrt#Pünktlichkeit
Landeanflug	49909	17.375896223677454	15.0	Zugfahrt#Pünktlichkeit
unser	120	16.29048269010741	15.0	Zugfahrt#Pünktlichkeit
dort	2618	16.24830120661326	15.0	Zugfahrt#Pünktlichkeit
Koffern	218894	16.13241513601253	15.0	Zugfahrt#Pünktlichkeit
Dhabi	356456	15.845247148434572	15.0	Zugfahrt#Pünktlichkeit
Mediathek	301132	5.961005339623274	16.0	Connectivity#ICE_Portal
versteckt	767	5.37989735354046	16.0	Connectivity#ICE_Portal
@	28517	3.8918202981106265	16.0	Connectivity#ICE_Portal
DB_Bahn	2531643	3.258096538021482	16.0	Connectivity#ICE_Portal
sehen	2539	2.70805020110221	16.0	Connectivity#ICE_Portal
heute	1316	2.3978952727983707	16.0	Connectivity#ICE_Portal
nichts	191	2.302585092994046	16.0	Connectivity#ICE_Portal
ja	357	2.0794415416798357	16.0	Connectivity#ICE_Portal
gut	123	1.791759469228055	16.0	Connectivity#ICE_Portal
sie	425	1.3862943611198906	16.0	Connectivity#ICE_Portal
oder	352	1.0986122886681098	16.0	Connectivity#ICE_Portal
zu	93	0.6931471805599453	16.0	Connectivity#ICE_Portal
-	45	0.6931471805599453	16.0	Connectivity#ICE_Portal
von	42	0.6931471805599453	16.0	Connectivity#ICE_Portal
der	47	0.0	16.0	Connectivity#ICE_Portal
.	14	0.0	16.0	Connectivity#ICE_Portal
ist	97	0.0	16.0	Connectivity#ICE_Portal
"	40	48.33894070139683	17.0	Ticketkauf
€	13342	44.65908118654583	17.0	Ticketkauf
•	514927	41.079133723210525	17.0	Ticketkauf
Geschenk-Ticket	6445163	26.988469686100334	17.0	Ticketkauf
Klasse	4838	24.152110144410898	17.0	Ticketkauf
Personenverkehr	959154	23.488471157901664	17.0	Ticketkauf
gutefrage.net-Tag	6442029	19.6799237033125	17.0	Ticketkauf
Prämienpunkte	1018477	18.148583055025814	17.0	Ticketkauf
Geduldsprobe	59400	17.67332917271485	17.0	Ticketkauf
S-Bahn-Tunnel	1096250	16.426221395193352	17.0	Ticketkauf
Bahntickets	1025605	16.319321474126752	17.0	Ticketkauf
#	12269	16.24830120661326	17.0	Ticketkauf
Ticketpreise	718279	15.929701774894626	17.0	Ticketkauf
Bahnticket	1019743	15.626374535042832	17.0	Ticketkauf
Flex	47749	15.400590406840234	17.0	Ticketkauf
+	4664	15.400590406840234	17.0	Ticketkauf
Hallo	8080	14.854288266817232	17.0	Ticketkauf
moderat	80770	14.546185191999044	17.0	Ticketkauf
Automat	86257	14.484164718513924	17.0	Ticketkauf
Flügen	82944	14.11235056820082	17.0	Ticketkauf
Siegener	392025	8.869257522797287	18.0	DB_App_und_Website
App	244921	8.496990484098719	18.0	DB_App_und_Website
Bahner	1647567	8.381144346952961	18.0	DB_App_und_Website
Browserfenster	166344	7.67786350067821	18.0	DB_App_und_Website
Guck	67044	7.244941546337007	18.0	DB_App_und_Website
DB_Bahn	2531643	6.516193076042964	18.0	DB_App_und_Website
BVG	370829	6.375024819828097	18.0	DB_App_und_Website
benutze	18624	6.284134161070802	18.0	DB_App_und_Website
neusten	27823	6.093569770045136	18.0	DB_App_und_Website
integrieren	19345	5.733341276897746	18.0	DB_App_und_Website
Kaufen	6814	5.424950017481403	18.0	DB_App_und_Website
Verspätungen	86280	5.293304824724492	18.0	DB_App_und_Website
geöffnet	22361	4.859812404361672	18.0	DB_App_und_Website
benutzt	3993	4.574710978503383	18.0	DB_App_und_Website
Stand	6979	4.02535169073515	18.0	DB_App_und_Website
@	28517	3.8918202981106265	18.0	DB_App_und_Website
https	360785	3.332204510175204	18.0	DB_App_und_Website
/	1211	3.295836866004329	18.0	DB_App_und_Website
immer	74	3.2188758248682006	18.0	DB_App_und_Website
Du	3907	2.8903717578961645	18.0	DB_App_und_Website
gutefrage.net-Tag	6442029	34.43986648079687	19.0	Connectivity#Telefonie_und_Handyempfang
Untertreibung	83851	18.40884579642429	19.0	Connectivity#Telefonie_und_Handyempfang
Gruseln	7988	16.845325415140007	19.0	Connectivity#Telefonie_und_Handyempfang
Bahnfahren	118715	14.453872036986578	19.0	Connectivity#Telefonie_und_Handyempfang
"	40	13.183347464017316	19.0	Connectivity#Telefonie_und_Handyempfang
wen	20576	9.750394646402302	19.0	Connectivity#Telefonie_und_Handyempfang
unterirdisches	154398	9.251770181739323	19.0	Connectivity#Telefonie_und_Handyempfang
frage	2063	9.107753783201082	19.0	Connectivity#Telefonie_und_Handyempfang
➡	6443923	9.090768236835338	19.0	Connectivity#Telefonie_und_Handyempfang
Telefonica	1316640	8.882530508433623	19.0	Connectivity#Telefonie_und_Handyempfang
Datentransfer	1007919	8.85609105525229	19.0	Connectivity#Telefonie_und_Handyempfang
newsticker	710509	8.682538124003075	19.0	Connectivity#Telefonie_und_Handyempfang
meldung	599229	8.649974302650056	19.0	Connectivity#Telefonie_und_Handyempfang
eher	114	8.49964003216865	19.0	Connectivity#Telefonie_und_Handyempfang
Jedesmal	18855	8.105609402299896	19.0	Connectivity#Telefonie_und_Handyempfang
luden	641525	8.039802343736485	19.0	Connectivity#Telefonie_und_Handyempfang
o2	624500	7.933079771880415	19.0	Connectivity#Telefonie_und_Handyempfang
Telefonie	242297	7.865187954187467	19.0	Connectivity#Telefonie_und_Handyempfang
www.heise.de	710508	7.628517626575055	19.0	Connectivity#Telefonie_und_Handyempfang
Streckennetz	43355	7.523481312573497	19.0	Connectivity#Telefonie_und_Handyempfang
MFA	401499	54.954914011240504	20.0	Zugfahrt#Streckennetz
+	4664	46.2017712205207	20.0	Zugfahrt#Streckennetz
Arzthelferin	232062	44.724055520827676	20.0	Zugfahrt#Streckennetz
Krankenschwester	24332	35.193917706942706	20.0	Zugfahrt#Streckennetz
Gleisbauarbeiten	1046207	24.712437865840897	20.0	Zugfahrt#Streckennetz
Frankfurter	23858	19.313254949209206	20.0	Zugfahrt#Streckennetz
Dresden	20763	19.183162182386965	20.0	Zugfahrt#Streckennetz
finde	181	17.974393641323946	20.0	Zugfahrt#Streckennetz
Geduldsprobe	59400	17.67332917271485	20.0	Zugfahrt#Streckennetz
pensionierte	189872	17.597814984176452	20.0	Zugfahrt#Streckennetz
Arztpraxis	60622	16.37181496296465	20.0	Zugfahrt#Streckennetz
Min	11946	15.969029937415225	20.0	Zugfahrt#Streckennetz
Köln	32371	15.400590406840234	20.0	Zugfahrt#Streckennetz
Eisenach	266569	15.384226679190933	20.0	Zugfahrt#Streckennetz
Stellenangebot	124274	14.890835113403375	20.0	Zugfahrt#Streckennetz
S-Bahn-Verkehr	974784	14.44804961657166	20.0	Zugfahrt#Streckennetz
Regionalbahn	218980	13.984192854831775	20.0	Zugfahrt#Streckennetz
abgefahren	53261	13.892027982198455	20.0	Zugfahrt#Streckennetz
Möglich	30083	13.631279980148662	20.0	Zugfahrt#Streckennetz
https	360785	13.328818040700815	20.0	Zugfahrt#Streckennetz
"	40	13.183347464017316	21.0	Sicherheit
Kassel	113810	11.561487031584658	21.0	Sicherheit
Schlaf	12555	10.94454134734295	21.0	Sicherheit
24PR	6507465	9.074291527512907	21.0	Sicherheit
Sicherheitsleute	560749	8.996156562033445	21.0	Sicherheit
Fahrscheinautomaten	1032511	8.973858256222792	21.0	Sicherheit
Polizeipresse	4565045	8.916640227198839	21.0	Sicherheit
Polizeiberichte	74344	8.461469042643875	21.0	Sicherheit
Betrügereien	73398	8.19946419761216	21.0	Sicherheit
Bundespolizeiinspektion	997213	7.964850887447313	21.0	Sicherheit
schleichend	64575	7.611347717403621	21.0	Sicherheit
eingespart	69131	7.45182223652793	21.0	Sicherheit
Jahresbeginn	113673	7.155396301896734	21.0	Sicherheit
Manipulationen	61909	6.959398512133975	21.0	Sicherheit
Zukunft	11331	6.516193076042964	21.0	Sicherheit
S21	1014255	6.289715570908998	21.0	Sicherheit
Ermittler	910	6.129050210060545	21.0	Sicherheit
ots	95916	6.07073772800249	21.0	Sicherheit
Bundespolizei	122129	5.855071922202427	21.0	Sicherheit
#	12269	5.41610040220442	21.0	Sicherheit
=	4715	18.173179129080015	22.0	unklare_Kategorie#nicht_vorhandene_Kategorie
Führungsetage	170916	17.765061016867246	22.0	unklare_Kategorie#nicht_vorhandene_Kategorie
SPNV	1011613	16.82010663171667	22.0	unklare_Kategorie#nicht_vorhandene_Kategorie
DeutscheBahn	6442683	15.903118662310504	22.0	unklare_Kategorie#nicht_vorhandene_Kategorie
Neumünster	978569	15.701765329619704	22.0	unklare_Kategorie#nicht_vorhandene_Kategorie
misstrauisch	59161	14.667352791315368	22.0	unklare_Kategorie#nicht_vorhandene_Kategorie
178	139849	14.25217454659825	22.0	unklare_Kategorie#nicht_vorhandene_Kategorie
Pünktlichkeit	143400	13.242811303528269	22.0	unklare_Kategorie#nicht_vorhandene_Kategorie
"	40	13.183347464017316	22.0	unklare_Kategorie#nicht_vorhandene_Kategorie
EC	325749	13.02942538174506	22.0	unklare_Kategorie#nicht_vorhandene_Kategorie
verstanden	3655	12.992200020858993	22.0	unklare_Kategorie#nicht_vorhandene_Kategorie
S21	1014255	12.579431141817995	22.0	unklare_Kategorie#nicht_vorhandene_Kategorie
Baustellen	112879	12.364169813433264	22.0	unklare_Kategorie#nicht_vorhandene_Kategorie
Protokoll	18916	12.318190776983865	22.0	unklare_Kategorie#nicht_vorhandene_Kategorie
Bundespolizei	122129	11.710143844404854	22.0	unklare_Kategorie#nicht_vorhandene_Kategorie
geschaut	33511	11.561487031584658	22.0	unklare_Kategorie#nicht_vorhandene_Kategorie
Fernverkehr	959107	11.074668534037073	22.0	unklare_Kategorie#nicht_vorhandene_Kategorie
Ärger	15203	10.778143459633002	22.0	unklare_Kategorie#nicht_vorhandene_Kategorie
öffnet	7037	10.396994062531652	22.0	unklare_Kategorie#nicht_vorhandene_Kategorie
plant	25632	10.06087584278487	22.0	unklare_Kategorie#nicht_vorhandene_Kategorie
überfüllt	58283	13.575689964619158	23.0	Auslastung_und_Platzangebot
leer	10040	10.175192670464767	23.0	Auslastung_und_Platzangebot
gutefrage.net-Tag	6442029	9.83996185165625	23.0	Auslastung_und_Platzangebot
Badner	332504	8.756525002926972	23.0	Auslastung_und_Platzangebot
Bahnreise	156281	8.649974302650056	23.0	Auslastung_und_Platzangebot
Tagesspiegel.de	1057047	8.649974302650056	23.0	Auslastung_und_Platzangebot
abschafft	103443	8.474911799159631	23.0	Auslastung_und_Platzangebot
Abteile	460332	8.280711075662847	23.0	Auslastung_und_Platzangebot
weine	184087	8.069342366811636	23.0	Auslastung_und_Platzangebot
Preiserhöhung	37899	7.880048200971577	23.0	Auslastung_und_Platzangebot
OH	73913	7.827240901752812	23.0	Auslastung_und_Platzangebot
Köln	32371	7.700295203420117	23.0	Auslastung_und_Platzangebot
HKX	2133370	7.643961949002529	23.0	Auslastung_und_Platzangebot
Reeperbahn	99724	7.6246189861593985	23.0	Auslastung_und_Platzangebot
fährt	5981	7.613324979540639	23.0	Auslastung_und_Platzangebot
voll	1046	7.275172319452771	23.0	Auslastung_und_Platzangebot
Vielleicht	3154	7.16703787691222	23.0	Auslastung_und_Platzangebot
Abteil	36625	7.166265974133638	23.0	Auslastung_und_Platzangebot
Großraum	50276	6.966024187106113	23.0	Auslastung_und_Platzangebot
reise	49634	6.505784060128229	23.0	Auslastung_und_Platzangebot
Kümmert	53729	8.744806737401898	24.0	Design
Doppelstockwagen	1011661	8.733110697638708	24.0	Design
Güterwagen	443761	8.479283618343016	24.0	Design
_	3643	7.940583827104244	24.0	Design
Braunschweiger	452223	7.7336835707759	24.0	Design
fahrenden	77559	6.930494765951626	24.0	Design
Scheiße	43643	6.369900982828227	24.0	Design
schick	24673	6.349138991379798	24.0	Design
gestrichen	54063	5.968707559985366	24.0	Design
drum	7918	5.84354441703136	24.0	Design
offener	7544	5.707110264748875	24.0	Design
Sei	22232	5.517452896464707	24.0	Design
IC	129170	5.4510384535657	24.0	Design
Verbindungen	1761	5.170483995038151	24.0	Design
Erste	2210	4.709530201312334	24.0	Design
froh	12747	4.51085950651685	24.0	Design
Re	168442	4.394449154672439	24.0	Design
Fahrt	8053	4.174387269895637	24.0	Design
Euch	8676	4.174387269895637	24.0	Design
Schritt	5186	4.02535169073515	24.0	Design
Hauptbahnhof	96995	13.933172697424117	25.0	Image#Marketing
Münchner	6307	10.36356710058417	25.0	Image#Marketing
Hauptbahnhofes	1077838	8.959183074206774	25.0	Image#Marketing
Bauordnung	1017292	8.598220030058611	25.0	Image#Marketing
derzeitigem	529973	8.492900498847193	25.0	Image#Marketing
Stadtplanung	433722	7.5406215286571525	25.0	Image#Marketing
Baumaßnahmen	38669	7.266128779556451	25.0	Image#Marketing
Animationen	39196	7.149131598557407	25.0	Image#Marketing
frühestens	52845	6.956545443151569	25.0	Image#Marketing
stimmten	47049	6.863803391452954	25.0	Image#Marketing
Bundesbahn	262466	6.470799503782602	25.0	Image#Marketing
Point	5091	6.448889394146858	25.0	Image#Marketing
Ausschuss	78920	6.297109319933935	25.0	Image#Marketing
Landeshauptstadt	137498	6.129050210060545	25.0	Image#Marketing
Quartal	78272	6.061456918928017	25.0	Image#Marketing
bayerischen	28960	5.968707559985366	25.0	Image#Marketing
2020	30569	5.537334267018537	25.0	Image#Marketing
Halle	76247	5.0689042022202315	25.0	Image#Marketing
Modell	8824	5.049856007249537	25.0	Image#Marketing
Info	19327	4.795790545596741	25.0	Image#Marketing
"	40	24.169470350698415	26.0	Service_und_Kundenbetreuung#Zugbetreuung
Kontrollen	12706	12.888262513400882	26.0	Service_und_Kundenbetreuung#Zugbetreuung
Klasse	4838	12.076055072205449	26.0	Service_und_Kundenbetreuung#Zugbetreuung
*	2690	11.982929094215963	26.0	Service_und_Kundenbetreuung#Zugbetreuung
Prämienpunkte	1018477	9.074291527512907	26.0	Service_und_Kundenbetreuung#Zugbetreuung
ich	66	8.788898309344878	26.0	Service_und_Kundenbetreuung#Zugbetreuung
abgelaufene	172451	8.608312784783722	26.0	Service_und_Kundenbetreuung#Zugbetreuung
gefragt	2802	8.580918882296782	26.0	Service_und_Kundenbetreuung#Zugbetreuung
nachlässig	52494	8.497398564088058	26.0	Service_und_Kundenbetreuung#Zugbetreuung
Bordbistro	1018467	8.172729104865471	26.0	Service_und_Kundenbetreuung#Zugbetreuung
Gibt's	9430	8.124446855715847	26.0	Service_und_Kundenbetreuung#Zugbetreuung
karte	115677	7.933079771880415	26.0	Service_und_Kundenbetreuung#Zugbetreuung
typ	10199	7.841492924460013	26.0	Service_und_Kundenbetreuung#Zugbetreuung
leuten	82163	7.741967899820685	26.0	Service_und_Kundenbetreuung#Zugbetreuung
hmm	30791	7.6577552711348655	26.0	Service_und_Kundenbetreuung#Zugbetreuung
upgrade	457069	7.4360278163518485	26.0	Service_und_Kundenbetreuung#Zugbetreuung
freundliches	12050	7.198931240688173	26.0	Service_und_Kundenbetreuung#Zugbetreuung
stellst	276120	7.191429330036379	26.0	Service_und_Kundenbetreuung#Zugbetreuung
blonde	47642	7.142036574706803	26.0	Service_und_Kundenbetreuung#Zugbetreuung
Regionalbahn	218980	6.992096427415888	26.0	Service_und_Kundenbetreuung#Zugbetreuung
Gleisbauarbeiten	1046207	24.712437865840897	27.0	Zugfahrt
S-Bahn-Verkehr	974784	14.44804961657166	27.0	Zugfahrt
Nacht	7032	11.283600347080688	27.0	Zugfahrt
ksta.de	1015615	8.909775673693389	27.0	Zugfahrt
kommt	602	8.788898309344878	27.0	Zugfahrt
Mittwoch	25132	8.439015410352214	27.0	Zugfahrt
Hennef	637810	8.295548516225763	27.0	Zugfahrt
Deutz	498851	7.696212639346407	27.0	Zugfahrt
nächtlichen	28355	6.775366090936392	27.0	Zugfahrt
MDR	50953	6.68586094706836	27.0	Zugfahrt
Beeinträchtigungen	32968	6.672032945461067	27.0	Zugfahrt
Gleisen	124514	6.424869023905388	27.0	Zugfahrt
Behinderungen	28658	5.855071922202427	27.0	Zugfahrt
Messe	29797	5.407171771460119	27.0	Zugfahrt
S	2866	5.278114659230517	27.0	Zugfahrt
Wegen	4340	4.499809670330265	27.0	Zugfahrt
Bahn	15615	4.394449154672439	27.0	Zugfahrt
schneller	8993	4.30406509320417	27.0	Zugfahrt
Köln	32371	3.8501476017100584	27.0	Zugfahrt
dadurch	547	3.6888794541139363	27.0	Zugfahrt
Klasse	4838	24.152110144410898	28.0	Toiletten#Funktionsfähigkeit_Toiletten
Toiletten	50127	13.169582784771432	28.0	Toiletten#Funktionsfähigkeit_Toiletten
Zumindest	12939	10.352299465147658	28.0	Toiletten#Funktionsfähigkeit_Toiletten
kaputt	12712	10.271596874100524	28.0	Toiletten#Funktionsfähigkeit_Toiletten
2	17	9.729550745276565	28.0	Toiletten#Funktionsfähigkeit_Toiletten
arbeitend	51627	8.937743936942443	28.0	Toiletten#Funktionsfähigkeit_Toiletten
Wagons	219054	8.393442383980062	28.0	Toiletten#Funktionsfähigkeit_Toiletten
Speisewagen	137894	8.153061946801051	28.0	Toiletten#Funktionsfähigkeit_Toiletten
gerollt	179741	8.087332926473351	28.0	Toiletten#Funktionsfähigkeit_Toiletten
verdichten	30652	7.539027055823995	28.0	Toiletten#Funktionsfähigkeit_Toiletten
Ja	1854	6.802394763324311	28.0	Toiletten#Funktionsfähigkeit_Toiletten
Aufpreis	230076	6.586171654854675	28.0	Toiletten#Funktionsfähigkeit_Toiletten
reise	49634	6.505784060128229	28.0	Toiletten#Funktionsfähigkeit_Toiletten
lenkt	17331	6.499787040655854	28.0	Toiletten#Funktionsfähigkeit_Toiletten
Klo	33151	6.472346294500901	28.0	Toiletten#Funktionsfähigkeit_Toiletten
wenn	251	6.437751649736401	28.0	Toiletten#Funktionsfähigkeit_Toiletten
1	13	5.8377304471659395	28.0	Toiletten#Funktionsfähigkeit_Toiletten
Seitdem	38391	5.564520407322694	28.0	Toiletten#Funktionsfähigkeit_Toiletten
gefühlt	31115	5.472270673671475	28.0	Toiletten#Funktionsfähigkeit_Toiletten
gedreht	35185	5.4680601411351315	28.0	Toiletten#Funktionsfähigkeit_Toiletten
Klasse	4838	24.152110144410898	29.0	Atmosphäre#Lautstärke
Toiletten	50127	13.169582784771432	29.0	Atmosphäre#Lautstärke
Zumindest	12939	10.352299465147658	29.0	Atmosphäre#Lautstärke
kaputt	12712	10.271596874100524	29.0	Atmosphäre#Lautstärke
2	17	9.729550745276565	29.0	Atmosphäre#Lautstärke
arbeitend	51627	8.937743936942443	29.0	Atmosphäre#Lautstärke
Wagons	219054	8.393442383980062	29.0	Atmosphäre#Lautstärke
Speisewagen	137894	8.153061946801051	29.0	Atmosphäre#Lautstärke
gerollt	179741	8.087332926473351	29.0	Atmosphäre#Lautstärke
verdichten	30652	7.539027055823995	29.0	Atmosphäre#Lautstärke
Ja	1854	6.802394763324311	29.0	Atmosphäre#Lautstärke
Aufpreis	230076	6.586171654854675	29.0	Atmosphäre#Lautstärke
reise	49634	6.505784060128229	29.0	Atmosphäre#Lautstärke
lenkt	17331	6.499787040655854	29.0	Atmosphäre#Lautstärke
Klo	33151	6.472346294500901	29.0	Atmosphäre#Lautstärke
wenn	251	6.437751649736401	29.0	Atmosphäre#Lautstärke
1	13	5.8377304471659395	29.0	Atmosphäre#Lautstärke
Seitdem	38391	5.564520407322694	29.0	Atmosphäre#Lautstärke
gefühlt	31115	5.472270673671475	29.0	Atmosphäre#Lautstärke
gedreht	35185	5.4680601411351315	29.0	Atmosphäre#Lautstärke
Bahnen	48479	10.247927958806518	30.0	Toiletten
WCs	188171	9.082507000466299	30.0	Toiletten
S	2866	7.917171988845775	30.0	Toiletten
Regionalzüge	959199	7.418780882750794	30.0	Toiletten
Rhein-Neckar	526192	7.322510433997394	30.0	Toiletten
Münchener	58271	6.672032945461067	30.0	Toiletten
Mönchengladbach	18983	6.665683717782408	30.0	Toiletten
Toiletten	50127	6.584791392385716	30.0	Toiletten
herangezogen	8724	6.490723534502507	30.0	Toiletten
1972	24687	6.255750041753367	30.0	Toiletten
Rostock	165699	6.075346031088684	30.0	Toiletten
durchschnittliche	1142	6.037870919922137	30.0	Toiletten
Magdeburg	114487	6.008813185442595	30.0	Toiletten
Salzburg	46147	5.872117789475416	30.0	Toiletten
Teilweise	4709	5.846438775057725	30.0	Toiletten
Basel	22389	5.805134968916488	30.0	Toiletten
Eröffnung	44770	5.529429087511423	30.0	Toiletten
Linien	12724	5.44673737166631	30.0	Toiletten
umgekehrt	6397	5.2832037287379885	30.0	Toiletten
Ursachen	3333	5.117993812416755	30.0	Toiletten
#	12269	37.91270281543094	31.0	Zugfahrt#Technische_Schäden_und_Störungen_am_Zug
+	4664	11.550442805130174	31.0	Zugfahrt#Technische_Schäden_und_Störungen_am_Zug
/	1211	10.986122886681098	31.0	Zugfahrt#Technische_Schäden_und_Störungen_am_Zug
Störung	18937	10.841069998544572	31.0	Zugfahrt#Technische_Schäden_und_Störungen_am_Zug
Express	37925	10.796325403035505	31.0	Zugfahrt#Technische_Schäden_und_Störungen_am_Zug
National	27602	10.099712014499074	31.0	Zugfahrt#Technische_Schäden_und_Störungen_am_Zug
Bonn	135223	9.883284845218608	31.0	Zugfahrt#Technische_Schäden_und_Störungen_am_Zug
Kochel	1031857	9.124346658809207	31.0	Zugfahrt#Technische_Schäden_und_Störungen_am_Zug
Köln-Bonn	1197408	8.716044050161402	31.0	Zugfahrt#Technische_Schäden_und_Störungen_am_Zug
Mitfahrt	43327	8.660773919893762	31.0	Zugfahrt#Technische_Schäden_und_Störungen_am_Zug
Mittenwald	419117	8.461469042643875	31.0	Zugfahrt#Technische_Schäden_und_Störungen_am_Zug
Strecke	9808	8.348774539791274	31.0	Zugfahrt#Technische_Schäden_und_Störungen_am_Zug
Tutzing	234386	8.19946419761216	31.0	Zugfahrt#Technische_Schäden_und_Störungen_am_Zug
442	315899	7.843848638152472	31.0	Zugfahrt#Technische_Schäden_und_Störungen_am_Zug
Very	56139	6.7912214627261855	31.0	Zugfahrt#Technische_Schäden_und_Störungen_am_Zug
gefilmt	41948	6.692083742506628	31.0	Zugfahrt#Technische_Schäden_und_Störungen_am_Zug
Beeinträchtigungen	32968	6.672032945461067	31.0	Zugfahrt#Technische_Schäden_und_Störungen_am_Zug
\	67462	6.302618975744905	31.0	Zugfahrt#Technische_Schäden_und_Störungen_am_Zug
Mindestens	29439	6.208590026096629	31.0	Zugfahrt#Technische_Schäden_und_Störungen_am_Zug
BR	33643	6.1463292576688975	31.0	Zugfahrt#Technische_Schäden_und_Störungen_am_Zug
Diebstahl	52242	36.87797554601339	32.0	Image
Fahrgast	49783	25.65383582866943	32.0	Image
Lehrer	5531	19.216084178933027	32.0	Image
"	40	15.380572041353537	32.0	Image
erschreckt	28083	14.23278828818693	32.0	Image
Augsburg	34294	11.646091790966038	32.0	Image
Supermarkt	47322	11.400887146781374	32.0	Image
fängt	5526	9.83996185165625	32.0	Image
Mich	3638	9.719624808723344	32.0	Image
Kaffee	28230	9.608042089466514	32.0	Image
Zub	1467275	9.232590980911002	32.0	Image
unattended	1066978	9.124346658809207	32.0	Image
Bahnkunde	1460467	8.988695696785708	32.0	Image
ärgerliches	19037	8.930626469173578	32.0	Image
Sicherheitshinweis	303608	8.792701462936309	32.0	Image
irritierte	60638	8.762489547371581	32.0	Image
Strecke	9808	8.348774539791274	32.0	Image
hereingefallen	19125	8.299285906897275	32.0	Image
unbeaufsichtigt	144388	8.273336598504486	32.0	Image
hört	8252	8.254268770090183	32.0	Image
"	40	17.577796618689757	33.0	Gastronomisches_Angebot
Fernverkehr	959107	11.074668534037073	33.0	Gastronomisches_Angebot
Schlaf	12555	10.94454134734295	33.0	Gastronomisches_Angebot
Fahrscheinkontrolle	727086	9.232590980911002	33.0	Gastronomisches_Angebot
fühlen	6113	8.738895704934043	33.0	Gastronomisches_Angebot
Donnerstag	86967	8.46821300919452	33.0	Gastronomisches_Angebot
durchgeht	71793	8.24800570160062	33.0	Gastronomisches_Angebot
Klasse	4838	8.0507033814703	33.0	Gastronomisches_Angebot
gemindert	127769	7.9676267393338165	33.0	Gastronomisches_Angebot
31	25954	7.902487437162855	33.0	Gastronomisches_Angebot
Dezember	38181	7.824046010856292	33.0	Gastronomisches_Angebot
403	193218	7.647786045440933	33.0	Gastronomisches_Angebot
Biss	30777	6.907755278982137	33.0	Gastronomisches_Angebot
durchgehen	20309	6.680854678790215	33.0	Gastronomisches_Angebot
Zukunft	11331	6.516193076042964	33.0	Gastronomisches_Angebot
Ah	13450	6.47543271670409	33.0	Gastronomisches_Angebot
intern	149781	6.349138991379798	33.0	Gastronomisches_Angebot
17	4641	6.270988431858299	33.0	Gastronomisches_Angebot
sollen	3607	6.182084906716632	33.0	Gastronomisches_Angebot
Augsburg	34294	5.823045895483019	33.0	Gastronomisches_Angebot
"	40	13.183347464017316	34.0	Komfort_und_Ausstattung
Schlaf	12555	10.94454134734295	34.0	Komfort_und_Ausstattung
Sicherheitsleute	560749	8.996156562033445	34.0	Komfort_und_Ausstattung
schleichend	64575	7.611347717403621	34.0	Komfort_und_Ausstattung
verstellen	48228	7.549609165154532	34.0	Komfort_und_Ausstattung
eingespart	69131	7.45182223652793	34.0	Komfort_und_Ausstattung
defekt	12777	6.669498089857879	34.0	Komfort_und_Ausstattung
Zukunft	11331	6.516193076042964	34.0	Komfort_und_Ausstattung
Wagen	8635	5.153291594497779	34.0	Komfort_und_Ausstattung
Sitz	43579	5.075173815233827	34.0	Komfort_und_Ausstattung
eingestellt	10030	4.804021044733257	34.0	Komfort_und_Ausstattung
Ende	591	4.795790545596741	34.0	Komfort_und_Ausstattung
Handy	15060	4.74493212836325	34.0	Komfort_und_Ausstattung
33	11316	4.465908118654584	34.0	Komfort_und_Ausstattung
Bahn	15615	4.394449154672439	34.0	Komfort_und_Ausstattung
nötig	5716	4.356708826689592	34.0	Komfort_und_Ausstattung
ICE	64544	4.31748811353631	34.0	Komfort_und_Ausstattung
Donnerstag	86967	4.23410650459726	34.0	Komfort_und_Ausstattung
Klasse	4838	4.02535169073515	34.0	Komfort_und_Ausstattung
Thomas	3358	4.02535169073515	34.0	Komfort_und_Ausstattung
Anschlusszug	200485	7.313886831633462	35.0	Zugfahrt#Anschlusserreichung
verspätet	68389	6.07073772800249	35.0	Zugfahrt#Anschlusserreichung
gelöst	7126	5.318119993844216	35.0	Zugfahrt#Anschlusserreichung
Problem	4616	3.367295829986474	35.0	Zugfahrt#Anschlusserreichung
DB_Bahn	2531643	3.258096538021482	35.0	Zugfahrt#Anschlusserreichung
Alles	839	3.258096538021482	35.0	Zugfahrt#Anschlusserreichung
klar	1874	3.1354942159291497	35.0	Zugfahrt#Anschlusserreichung
also	1050	2.302585092994046	35.0	Zugfahrt#Anschlusserreichung
selbst	198	2.1972245773362196	35.0	Zugfahrt#Anschlusserreichung
@	28517	1.9459101490553132	35.0	Zugfahrt#Anschlusserreichung
hat	230	1.0986122886681098	35.0	Zugfahrt#Anschlusserreichung
das	182	0.6931471805599453	35.0	Zugfahrt#Anschlusserreichung
auch	140	0.6931471805599453	35.0	Zugfahrt#Anschlusserreichung
von	42	0.6931471805599453	35.0	Zugfahrt#Anschlusserreichung
sich	34	0.6931471805599453	35.0	Zugfahrt#Anschlusserreichung
,	58	0.0	35.0	Zugfahrt#Anschlusserreichung
der	47	0.0	35.0	Zugfahrt#Anschlusserreichung
ist	97	0.0	35.0	Zugfahrt#Anschlusserreichung
unbequeme	74121	7.338238150065589	36.0	Komfort_und_Ausstattung#Sitzkomfort
bequeme	23475	6.818924065275521	36.0	Komfort_und_Ausstattung#Sitzkomfort
Vorfreude	15612	5.8664680569332965	36.0	Komfort_und_Ausstattung#Sitzkomfort
.1	2948	5.488937726156687	36.0	Komfort_und_Ausstattung#Sitzkomfort
Hbf	64015	5.14166355650266	36.0	Komfort_und_Ausstattung#Sitzkomfort
>	6442196	5.099866427824199	36.0	Komfort_und_Ausstattung#Sitzkomfort
Wieder	1720	4.762173934797756	36.0	Komfort_und_Ausstattung#Sitzkomfort
Züge	9173	4.02535169073515	36.0	Komfort_und_Ausstattung#Sitzkomfort
@	28517	3.8918202981106265	36.0	Komfort_und_Ausstattung#Sitzkomfort
2	17	3.8918202981106265	36.0	Komfort_und_Ausstattung#Sitzkomfort
Co	4481	3.8501476017100584	36.0	Komfort_und_Ausstattung#Sitzkomfort
40	5862	3.4965075614664802	36.0	Komfort_und_Ausstattung#Sitzkomfort
DB_Bahn	2531643	3.258096538021482	36.0	Komfort_und_Ausstattung#Sitzkomfort
statt	1712	3.091042453358316	36.0	Komfort_und_Ausstattung#Sitzkomfort
#	12269	2.70805020110221	36.0	Komfort_und_Ausstattung#Sitzkomfort
20	453	2.5649493574615367	36.0	Komfort_und_Ausstattung#Sitzkomfort
Ende	591	2.3978952727983707	36.0	Komfort_und_Ausstattung#Sitzkomfort
3	19	2.1972245773362196	36.0	Komfort_und_Ausstattung#Sitzkomfort
1	13	1.9459101490553132	36.0	Komfort_und_Ausstattung#Sitzkomfort
Und	582	1.9459101490553132	36.0	Komfort_und_Ausstattung#Sitzkomfort
DeutscheBahn	6442683	7.951559331155252	37.0	unklare_Kategorie
Zusagen	85924	7.605890001053122	37.0	unklare_Kategorie
Farce	52319	6.7912214627261855	37.0	unklare_Kategorie
leeren	11248	6.0063531596017325	37.0	unklare_Kategorie
Bahnhöfen	203170	5.697093486505405	37.0	unklare_Kategorie
Nazis	793	5.087596335232384	37.0	unklare_Kategorie
Eure	13736	5.0106352940962555	37.0	unklare_Kategorie
läßt	2430	4.727387818712341	37.0	unklare_Kategorie
Werbung	11844	3.9512437185814275	37.0	unklare_Kategorie
https	360785	3.332204510175204	37.0	unklare_Kategorie
/	1211	3.295836866004329	37.0	unklare_Kategorie
DB_Bahn	2531643	3.258096538021482	37.0	unklare_Kategorie
t.co	996156	2.8903717578961645	37.0	unklare_Kategorie
#	12269	2.70805020110221	37.0	unklare_Kategorie
@	28517	1.9459101490553132	37.0	unklare_Kategorie
immer	74	1.6094379124341003	37.0	unklare_Kategorie
!	70	1.3862943611198906	37.0	unklare_Kategorie
noch	38	1.0986122886681098	37.0	unklare_Kategorie
?	84	1.0986122886681098	37.0	unklare_Kategorie
sind	2	1.0986122886681098	37.0	unklare_Kategorie
updaten	153088	8.598220030058611	38.0	Connectivity
Patch	168759	7.983781068977451	38.0	Connectivity
6.0	37921	7.88758403166028	38.0	Connectivity
Könnt	114755	7.026426808699636	38.0	Connectivity
1999	30098	4.997212273764115	38.0	Connectivity
fährt	5981	3.8066624897703196	38.0	Connectivity
alten	1970	3.4011973816621555	38.0	Connectivity
https	360785	3.332204510175204	38.0	Connectivity
/	1211	3.295836866004329	38.0	Connectivity
Meine	4334	3.295836866004329	38.0	Connectivity
t.co	996156	2.8903717578961645	38.0	Connectivity
ihr	428	2.1972245773362196	38.0	Connectivity
@	28517	1.9459101490553132	38.0	Connectivity
mal	25	1.791759469228055	38.0	Connectivity
Bahn	15615	1.0986122886681098	38.0	Connectivity
?	84	1.0986122886681098	38.0	Connectivity
noch	38	1.0986122886681098	38.0	Connectivity
mit	26	0.6931471805599453	38.0	Connectivity
von	42	0.6931471805599453	38.0	Connectivity
dem	39	0.6931471805599453	38.0	Connectivity
